11.80007969
11.7060846
12.25682948
11.82774261
10.84977879
12.15704791
12.04015328
12.03049536
11.78687374
12.42614874
11.5805736
12.45266825
12.12516084
12.0462549
12.41806652
11.18648573
12.7177372
11.81638803
11.48843306
11.77586995
12.46344285
12.99244498
11.78424567
12.27505221
11.49900521
12.13418148
12.59054291
12.06713944
12.3808259
12.26753723
12.08794505
11.97829673
12.46664773
12.58905189
11.99792199
11.58757289
11.56370948
12.21483183
12.55969358
11.72412588
12.38624185
11.84944652
11.96276701
10.85571742
11.51360096
11.58419357
13.25286897
10.98314345
12.21363303
12.62258277
12.06955615
11.91300929
12.1649506
11.24695694
12.04844751
11.9285008
12.76332617
12.02693459
11.7576956
12.17409984
11.53407932
12.29273569
11.59872821
12.49387581
11.57086984
10.71356704
12.50477774
12.25298095
11.8576478
11.94079317
12.26648104
13.8565217
10.39214724
12.59429149
11.11107625
12.19263198
11.95322942
11.92672965
10.97479065
11.70873687
11.23121395
11.98361145
13.06713123
11.2029876
12.26917087
12.50368526
12.67327637
12.51692241
11.96040506
12.95023788
11.65836923
11.76056179
12.27234837
12.42226711
11.6374363
12.02693459
11.58571643
11.58779699
12.00340606
11.77345451
